
l1 = 0.785;
ixx1 = 5.8;
iyy1 = 5.8;
izz1 = 0.6;
m1 = 26;
d1 = 4.8;
K11 = 1950;
K21 = 0.275;
K31 = 100;
K41 = 0.05;
K51 = 78;

l2 = 0.7;
ixx2 = 9.4;
iyy2 = 9.4;
izz2 = 0.7;
m2 = 46;
d2 = 19.4;
K12 = 3880;
K22 = 2.94;
K32 = 96;
K42 = 0.044;
K52 = 156;

l3 = 0.55;
ixx3 = 16.5;
iyy3 = 16.5;
izz3 = 0.7;
m3 = 78;
d3 = 24.7;
K13 = 2330;
K23 = 2.8;
K33 = 117;
K43 = 0.043;
K53 = 94;
