l1 = 0.7;
ixx1 = 9.4;
iyy1 = 9.4;
izz1 = 0.7;
m1 = 46;
d1 = 19.4;
K11 = 3880;
K21 = 2.94;
K31 = 96;
K41 = 0.044;
K51 = 156;

l2 = 0.55;
ixx2 = 16.5;
iyy2 = 16.5;
izz2 = 0.7;
m2 = 78;
d2 = 24.7;
K12 = 2330;
K22 = 2.8;
K32 = 117;
K42 = 0.043;
K52 = 94;

l3 = 0.875;
ixx3 = 33.3;
iyy3 = 33.3;
izz3 = 9.1;
m3 = 194;
d3 = 30.2;
K13 = 4202;
K23 = 2.97;
K33 = 120;
K43 = 0.055;
K53 = 168;
